Welcome to DrJava.  Working directory is C:\Users\Patrick\Dropbox\1- UTSA\Fall 2015\Intro to Comp Programming I\Projects\Project I
> run MetricConversion

Project 1 written by Patrick Stockton

Choose a value for the lower bound of Kilograms: 
 [DrJava Input Box]

Choose a value for upper bound of Kilograms
 [DrJava Input Box]
	 Kilogram to Pound Conversion Table
Kg	Pounds
5.0	11.023113109243878
6.0	13.227735731092654
7.0	15.43235835294143
8.0	17.636980974790205
9.0	19.841603596638983
10.0	22.046226218487757
11.0	24.250848840336534
12.0	26.455471462185308
13.0	28.660094084034085
14.0	30.86471670588286
15.0	33.06933932773163
16.0	35.27396194958041
17.0	37.47858457142919
18.0	39.683207193277966
19.0	41.887829815126736
20.0	44.09245243697551

Input feet: 
 [DrJava Input Box]
Input inches: 
 [DrJava Input Box]
	 Feet & Inches to Meters Conversion Table
        Inches
Feet       0       1       2       3       4       5       6       7       8       9       10       11
 0     0.0000  0.0240  0.0480  0.0720  0.0960  0.1200  0.1440  0.1680  0.1920  0.2160  0.2400  0.2640 
 1     0.2880  0.3120  0.3360  0.3600  0.3840  0.4080  0.4320  0.4560  0.4800  0.5040  0.5280  0.5520 
 2     0.5760  0.6000  0.6240  0.6480  0.6720  0.6960  0.7200  0.7440  0.7680  0.7920  0.8160  0.8400 
 3     0.8640  0.8880  0.9120  0.9360  0.9600  0.9840  1.0080  1.0320  1.0560  1.0800  1.1040  1.1280 
 4     1.1520  1.1760  1.2000  1.2240  1.2480  1.2720  1.2960  1.3200  1.3440  1.3680  1.3920  1.4160 
 5     1.4400  1.4640  1.4880  1.5120  1.5360  1.5600  1.5840  1.6080  1.6320  1.6560  1.6800  1.7040 
 6     1.7280  1.7520  1.7760  1.8000  1.8240  1.8480  1.8720  1.8960  1.9200  1.9440  1.9680  1.9920 
 7     2.0160  2.0400  2.0640  2.0880  2.1120  2.1360  2.1600  2.1840  2.2080  2.2320  2.2560  2.2800 
 8     2.3040  2.3280  2.3520  2.3760  2.4000  2.4240  2.4480  2.4720  2.4960  2.5200  2.5440  2.5680 
 9     2.5920  2.6160  2.6400  2.6640  2.6880  2.7120  2.7360  2.7600  2.7840  2.8080  2.8320  2.8560 
> 